1000 4000
569 464 494
520 362 318
167 767 365
642 23 329
102 288 366
906 395 4
744 795 304
127 895 436
967 517 498
816 809 178
858 66 215
385 273 208
948 577 262
710 156 209
528 280 369
760 445 38
466 169 370
598 498 214
852 282 342
830 144 68
399 874 146
886 590 384
497 67 95
148 514 441
101 346 191
371 49 318
543 453 180
8 391 178
141 3 420
55 825 228
654 787 95
407 367 26
53 956 82
96 308 1
608 112 298
302 608 351
802 743 157
252 335 271
927 439 324
162 161 374
132 549 323
761 476 394
451 775 23
118 999 352
384 692 160
861 306 28
297 548 229
876 979 438
224 671 286
146 598 417
646 692 288
103 399 334
763 143 117
987 159 258
286 42 144
899 577 108
782 978 223
254 569 185
687 697 449
250 718 170
920 349 49
123 853 9
913 92 364
843 151 288
54 478 367
173 788 276
387 163 117
115 861 311
280 807 86
699 278 357
368 28 24
333 140 419
667 686 445
707 656 464
141 602 143
879 638 302
906 626 366
970 855 80
512 982 372
352 254 203
652 919 38
850 994 94
0 970 415
175 559 471
299 968 144
597 396 7
288 263 389
750 859 292
708 137 32
686 39 315
165 628 183
630 352 42
518 636 256
706 213 326
304 325 335
506 608 350
95 424 478
974 41 311
910 117 320
366 238 89
400 182 437
377 783 46
597 371 352
449 263 56
855 308 108
161 512 54
101 154 19
2 819 322
882 930 183
376 608 175
197 298 497
858 676 72
638 417 463
293 429 470
547 381 488
908 685 241
546 222 324
375 292 423
276 137 338
867 945 88
162 625 333
273 847 73
204 713 195
965 811 275
479 417 191
463 270 118
630 545 270
53 173 179
103 693 213
147 399 254
410 624 74
860 620 470
399 110 161
580 32 345
173 673 296
23 290 180
952 308 378
341 286 494
182 674 66
724 135 112
929 283 500
23 706 199
16 955 449
98 98 33
360 719 160
588 174 8
187 707 249
986 209 262
386 779 106
636 505 140
267 267 278
459 493 414
618 31 448
78 131 404
658 191 489
862 630 106
896 113 303
80 665 299
615 454 487
251 649 263
843 540 350
924 240 361
358 356 18
340 736 33
492 393 186
828 213 258
335 455 130
174 660 289
810 349 263
113 70 118
412 721 147
879 865 355
664 975 37
912 189 442
487 276 63
747 876 101
763 394 224
488 214 218
914 893 3
755 237 92
765 169 396
679 731 468
970 31 132
139 184 470
862 956 303
652 771 106
565 345 255
975 426 283
662 137 188
26 560 330
609 796 348
655 179 383
712 800 423
754 534 280
549 563 429
765 149 482
636 399 193
822 189 411
378 127 138
530 336 382
495 427 349
25 844 245
140 810 117
909 619 57
451 115 232
890 320 264
220 270 179
316 697 452
935 657 265
913 460 487
779 505 87
763 181 128
271 914 42
902 829 118
718 121 447
726 191 190
351 238 156
994 414 312
740 989 271
14 181 222
790 536 65
392 92 335
121 105 203
335 509 192
249 701 355
821 291 468
761 411 77
638 369 220
771 351 343
47 459 19
992 381 55
72 821 129
670 733 271
305 202 432
835 269 271
606 183 460
300 26 400
927 902 136
408 988 102
140 892 210
724 182 230
381 602 402
802 83 197
900 397 115
106 45 248
444 214 132
442 820 166
110 17 467
616 87 343
805 915 0
571 960 244
50 838 334
115 859 484
248 246 26
303 757 23
348 886 130
928 393 196
770 214 422
416 241 376
442 590 36
97 316 281
512 630 412
529 408 69
630 619 370
526 363 475
565 705 136
454 731 300
752 811 335
844 69 308
17 510 69
162 316 427
315 227 34
189 706 224
710 453 471
988 926 320
775 4 333
508 797 268
598 670 5
372 679 248
803 5 9
817 477 211
454 743 360
206 5 374
432 111 436
50 270 221
651 86 15
518 121 449
175 779 233
601 452 177
741 312 339
840 999 45
708 737 400
144 519 336
549 245 125
49 424 360
787 932 477
886 492 328
221 870 465
442 428 146
50 154 240
945 962 182
913 351 247
407 144 74
63 293 437
824 243 148
670 629 40
689 348 463
992 515 135
771 957 53
776 288 388
78 365 490
548 34 355
583 887 297
87 718 467
717 454 119
55 20 422
349 778 70
174 24 319
592 171 432
767 843 4
131 922 33
488 120 67
431 879 479
885 423 403
852 274 139
488 463 220
972 89 489
530 475 410
776 49 111
193 626 479
690 630 350
185 699 198
799 925 197
906 274 190
952 968 12
414 496 130
711 919 89
951 779 21
519 180 445
188 288 242
17 864 262
73 446 493
914 844 72
763 841 26
336 959 167
838 375 403
683 404 142
662 573 318
266 786 71
22 686 316
125 324 460
329 131 421
391 812 226
322 765 200
65 607 219
591 20 439
272 816 283
303 62 111
985 804 493
619 913 387
249 383 96
82 287 417
816 132 410
183 11 35
221 769 97
703 859 90
340 133 37
421 912 467
496 119 150
253 447 246
606 886 349
442 500 329
567 253 194
937 150 50
657 181 445
829 862 140
203 351 478
195 572 420
429 311 25
916 533 18
178 239 111
694 305 464
471 760 236
611 929 47
98 534 272
229 788 87
537 937 451
811 720 138
380 301 160
974 43 299
853 795 456
352 620 86
215 297 159
85 313 395
513 67 253
517 527 446
593 800 433
64 203 407
972 324 138
430 836 488
129 336 261
345 312 37
962 755 231
729 438 133
927 944 168
733 670 429
932 806 149
558 946 16
657 464 12
105 863 408
961 613 282
415 678 90
332 690 44
430 749 224
795 130 475
509 192 396
785 439 11
333 583 386
424 902 237
791 409 44
439 585 457
657 112 437
868 485 49
973 748 212
397 287 59
56 808 254
907 74 346
769 936 110
809 935 120
955 293 159
376 881 420
535 14 59
142 857 111
882 361 213
23 29 44
896 724 111
364 835 378
664 382 388
318 202 183
128 77 232
510 47 280
999 77 447
925 901 197
65 209 483
923 376 259
692 98 228
132 274 147
393 158 39
529 416 2
800 509 114
794 170 60
919 364 451
347 30 168
980 459 251
875 593 173
662 373 407
865 543 84
66 583 147
402 204 477
794 688 282
536 268 339
132 595 161
596 275 37
867 990 152
827 559 287
971 617 404
448 599 257
648 742 104
230 338 361
418 4 49
935 934 292
669 585 241
284 839 199
787 271 352
319 84 348
444 489 185
460 339 438
693 924 349
288 209 43
353 348 111
464 460 181
687 628 413
744 632 353
599 198 160
678 337 100
482 341 241
256 37 118
291 317 168
616 949 69
749 662 155
653 249 316
73 587 384
324 504 212
603 784 454
914 935 374
943 995 321
545 576 218
423 879 364
637 772 497
785 802 375
341 30 19
937 389 369
945 327 287
855 943 194
270 526 416
662 965 66
718 144 144
487 79 445
806 528 266
527 726 261
876 533 483
802 12 325
624 255 231
86 726 371
820 692 187
127 359 316
872 688 264
654 502 124
844 750 270
237 239 213
524 472 147
120 497 481
180 506 53
873 278 226
160 298 270
651 301 400
985 464 30
750 316 277
246 32 480
222 450 35
196 373 362
406 644 365
399 326 301
787 652 275
392 563 182
726 334 412
45 636 182
655 653 142
721 756 322
8 33 292
783 10 458
605 518 141
846 43 402
825 120 149
209 197 369
359 224 433
416 105 407
233 665 379
229 611 394
120 63 321
143 403 116
249 917 402
567 387 279
62 77 292
818 618 266
200 569 381
972 969 43
380 314 196
842 693 183
744 625 456
302 719 224
800 656 253
60 453 35
817 653 152
136 244 118
647 722 265
37 925 254
800 174 187
793 895 60
404 626 435
255 448 160
82 386 179
10 280 413
103 597 41
454 699 292
193 282 464
526 846 295
858 777 313
632 886 279
17 175 268
490 824 396
48 442 396
993 46 184
769 320 213
636 77 293
5 661 78
183 947 137
919 811 133
993 777 47
395 334 25
801 493 394
678 670 295
967 766 433
832 417 386
207 408 314
102 930 199
360 444 263
23 672 436
658 170 94
240 793 4
481 945 232
35 758 305
411 908 286
666 908 15
753 58 497
264 537 336
912 240 81
972 611 225
294 837 442
105 32 78
579 696 139
125 668 38
533 970 33
458 86 391
651 720 25
475 96 410
168 362 66
315 553 173
46 247 309
380 272 429
692 762 151
739 704 55
732 208 232
449 983 96
239 786 273
561 477 219
397 76 337
847 640 500
554 906 105
995 9 376
52 736 301
374 944 326
795 220 54
859 597 319
403 759 414
326 489 286
631 853 158
228 808 353
28 276 460
989 35 462
912 480 216
973 244 479
80 123 11
62 129 15
492 628 297
223 778 457
477 176 63
974 694 420
659 677 148
5 568 287
196 652 351
512 211 484
143 456 136
680 526 35
532 937 137
717 545 277
77 142 133
731 794 418
944 469 76
641 39 192
652 727 236
33 813 490
170 940 230
924 308 287
903 238 18
160 349 46
215 473 124
565 848 360
350 689 447
965 586 405
164 649 1
677 669 286
569 192 130
176 115 258
186 529 217
450 912 79
932 113 190
590 957 40
247 45 206
775 937 304
958 865 84
308 995 264
11 116 29
980 278 197
501 546 214
49 236 13
261 887 5
883 8 144
966 429 276
135 876 101
913 917 457
363 399 44
299 171 413
228 61 118
928 727 80
376 304 449
252 955 313
158 522 37
672 286 486
85 450 102
944 315 393
10 812 245
643 311 161
511 592 350
980 462 144
690 861 9
526 831 134
635 165 307
1 774 98
571 405 8
188 671 226
886 750 247
338 482 413
12 816 129
57 755 441
185 376 475
124 157 333
613 395 254
680 499 266
523 354 36
369 892 152
867 551 26
865 884 181
106 412 157
999 903 401
577 554 414
677 247 215
43 966 369
261 302 90
434 511 274
834 515 262
797 411 157
935 121 322
66 765 90
871 78 208
702 392 187
484 325 131
722 704 415
680 174 290
757 723 445
633 665 251
143 987 237
923 253 85
364 422 255
242 668 266
752 374 180
104 174 57
516 388 278
689 461 463
705 602 246
297 954 372
26 275 384
446 809 300
359 273 136
329 244 179
397 712 80
31 215 389
941 457 118
425 518 109
54 14 33
294 781 203
889 397 146
657 657 72
422 777 66
722 208 165
239 756 20
180 804 133
712 762 425
663 796 282
997 739 118
135 328 464
198 326 353
167 192 181
794 938 315
175 911 428
940 318 72
939 542 26
517 634 32
383 914 72
225 429 94
774 800 23
868 941 366
709 558 237
143 609 151
932 759 153
992 318 73
954 230 260
323 176 200
534 832 332
945 655 56
102 223 52
557 273 104
919 84 358
707 325 191
583 419 56
21 568 3
583 536 246
6 659 114
579 23 345
582 76 81
803 643 141
107 54 264
622 373 473
761 467 213
174 656 344
656 197 368
50 644 142
430 874 51
195 24 418
453 997 230
503 164 12
255 456 157
261 149 388
459 817 303
264 818 139
669 188 351
301 884 26
535 490 178
710 801 13
566 935 116
263 458 326
191 144 136
310 406 264
395 255 17
607 32 409
521 168 179
958 903 455
5 842 193
684 587 305
421 491 196
939 74 94
135 462 265
454 284 198
981 342 355
824 202 48
982 361 449
654 635 170
387 473 3
882 810 54
59 837 394
64 874 376
617 521 323
347 599 79
293 224 369
926 745 28
787 200 151
276 205 112
304 709 499
384 286 176
221 88 129
636 410 309
440 936 433
425 234 435
796 813 471
164 318 245
845 789 277
798 910 12
449 343 115
836 287 385
580 422 417
366 127 188
859 17 365
500 219 228
935 158 403
61 490 372
538 588 0
204 500 474
895 817 76
364 992 353
779 877 251
441 45 499
641 9 285
18 316 333
130 60 203
613 765 472
583 233 282
791 558 365
967 207 315
608 113 430
890 892 209
517 114 397
285 96 154
810 743 320
997 209 209
754 574 175
464 487 427
364 259 185
709 916 160
375 927 397
491 808 285
531 334 404
823 123 101
657 985 3
409 181 270
363 571 452
543 225 422
763 230 267
112 425 68
164 127 42
647 10 47
871 988 223
529 815 104
573 941 425
321 794 12
935 285 99
252 951 144
3 634 441
289 159 11
372 526 255
134 764 446
410 602 71
434 242 267
9 601 422
800 87 381
437 409 423
593 328 99
905 906 398
483 688 137
666 541 120
486 90 352
714 486 404
988 930 447
808 207 14
174 249 242
600 935 82
997 452 37
184 412 433
569 36 267
356 662 55
574 271 372
585 710 313
268 17 424
460 559 432
302 380 264
326 20 43
840 890 30
960 165 185
69 91 355
777 893 486
303 769 288
394 879 7
702 25 57
93 398 331
210 586 185
780 894 247
614 498 478
546 496 89
168 844 170
876 947 14
603 283 272
496 985 275
303 537 43
852 950 247
802 671 76
396 589 333
413 979 311
435 636 299
438 826 143
674 287 499
375 533 257
186 384 324
912 342 221
25 429 158
481 451 198
22 536 62
686 295 131
800 472 314
739 406 28
374 957 309
819 675 82
501 854 61
984 515 198
752 407 147
96 561 266
821 17 52
140 709 347
339 989 392
377 548 474
947 478 368
838 380 489
609 77 401
160 380 398
546 690 480
892 570 487
580 915 22
692 474 170
556 161 238
996 844 274
446 720 281
650 70 302
743 991 101
479 925 433
200 180 306
236 306 53
459 579 486
235 23 54
865 93 421
103 992 41
528 818 235
82 692 320
212 81 245
551 202 45
593 349 472
770 775 280
758 25 37
321 116 77
312 512 492
972 594 97
447 758 479
82 467 6
4 887 391
935 574 227
310 392 141
595 820 148
539 436 313
162 623 216
184 599 298
396 893 6
993 902 4
611 496 149
753 127 288
695 453 288
889 932 403
265 458 135
18 739 170
670 676 402
272 986 360
764 193 416
353 776 341
192 621 18
131 481 192
400 60 131
767 230 182
207 746 161
641 995 138
130 273 304
646 522 378
372 366 322
162 677 272
242 623 320
112 513 35
393 155 186
987 821 178
501 238 209
571 777 321
972 101 306
594 935 81
633 714 197
252 11 274
328 315 488
8 318 321
475 449 394
988 668 243
462 312 32
905 655 76
306 967 431
794 694 368
948 750 454
506 100 325
760 229 466
825 926 316
745 421 287
882 178 71
257 403 365
565 385 241
447 483 244
8 480 24
951 638 18
248 205 428
381 501 229
598 49 239
917 387 367
375 453 379
607 106 210
747 258 126
717 430 124
799 848 408
738 655 368
50 362 245
152 931 195
572 35 128
813 592 203
453 219 317
454 109 225
994 358 89
852 405 326
435 999 181
813 891 485
75 157 340
439 4 119
431 696 148
65 850 174
850 189 63
139 830 341
349 704 327
941 30 150
817 363 251
620 434 340
2 231 75
593 304 282
150 121 334
364 779 274
623 700 321
370 635 233
46 622 156
609 458 284
82 153 397
479 786 473
13 799 326
317 887 200
616 996 58
481 395 328
985 791 282
965 991 244
500 486 199
772 337 175
871 316 112
61 802 184
918 755 376
690 485 347
509 911 65
411 727 75
547 33 93
959 845 186
607 642 116
200 492 303
277 211 245
732 826 227
100 809 244
669 788 472
604 580 1
155 177 141
718 816 480
325 394 409
477 566 154
530 309 208
190 380 226
200 158 247
531 647 198
29 716 188
439 346 338
432 635 446
411 1 38
553 923 67
668 207 385
549 852 193
466 958 195
544 423 431
340 443 494
443 80 483
260 170 354
575 365 357
602 130 326
854 451 367
453 104 308
710 818 404
638 466 440
676 90 138
166 435 121
485 130 11
965 90 304
139 487 278
990 5 225
315 107 41
968 232 350
641 708 319
207 490 487
91 448 330
835 443 121
561 365 485
143 334 158
18 826 6
633 337 263
51 518 375
125 664 391
355 916 93
612 529 418
497 788 436
890 934 415
698 150 417
961 143 379
598 94 271
220 531 467
427 152 311
719 330 424
416 288 360
149 372 414
185 673 244
645 920 325
451 429 486
950 838 192
922 978 397
295 765 26
427 548 299
557 820 157
728 433 205
956 779 84
492 975 80
314 64 282
140 433 57
230 885 133
292 16 388
951 831 169
966 897 388
252 30 208
424 117 437
808 960 128
437 252 327
885 384 247
348 919 410
584 255 0
516 574 182
245 534 125
175 35 222
717 937 374
209 201 207
135 997 52
314 666 250
374 110 243
43 334 147
189 643 189
901 413 36
444 732 62
861 457 495
487 392 333
892 835 125
86 951 67
938 662 211
951 819 140
582 499 146
368 963 421
10 744 212
53 144 174
650 135 169
361 714 416
261 406 328
266 741 15
988 944 44
616 620 447
609 47 199
673 969 129
443 366 374
907 376 475
206 677 108
518 666 41
516 47 157
183 319 312
995 473 57
560 808 49
530 575 271
183 550 68
741 712 404
49 581 246
499 165 181
40 185 417
631 209 260
645 407 355
57 108 493
98 401 148
795 785 247
852 475 265
788 223 403
188 551 448
367 308 98
58 497 65
826 4 246
557 167 415
699 922 137
237 573 246
414 886 262
515 295 303
526 233 139
170 335 397
711 328 263
93 758 280
868 559 186
833 884 184
687 684 222
104 516 268
402 681 71
973 96 409
967 776 249
302 412 149
947 926 477
223 696 438
843 372 136
207 827 390
482 360 481
5 427 52
665 985 27
381 909 182
222 840 309
292 511 120
312 275 40
66 582 97
328 177 286
127 550 422
833 810 276
701 293 112
126 188 215
344 365 499
629 690 457
191 353 444
187 734 487
877 724 229
652 57 13
816 70 313
53 394 309
994 357 264
680 635 208
635 396 263
225 713 57
973 30 299
481 112 276
240 366 384
627 890 413
69 936 458
819 430 402
665 217 41
330 323 169
506 939 46
857 694 260
465 923 75
883 209 403
792 349 4
316 70 500
256 341 408
807 299 493
664 385 63
153 563 51
660 539 41
917 846 464
872 500 398
76 320 176
987 870 29
655 66 472
352 591 438
110 493 356
112 824 142
97 797 120
641 200 212
271 236 288
76 221 395
503 582 240
43 705 400
76 16 106
908 637 248
386 32 328
874 967 203
854 216 437
420 354 308
188 421 207
459 442 203
970 309 21
216 929 418
813 960 491
130 787 444
648 456 90
818 587 42
203 185 232
452 452 57
650 942 74
761 583 475
685 160 114
354 855 87
797 232 159
901 265 275
433 2 236
18 933 304
431 533 81
413 203 164
721 979 304
222 858 112
558 631 185
75 237 141
571 238 139
978 830 300
811 856 171
85 174 137
748 358 321
100 341 387
512 191 432
867 683 271
743 155 203
285 505 124
216 549 253
606 200 223
738 717 45
58 723 234
15 8 147
83 259 262
574 219 12
538 363 380
868 26 374
283 513 337
238 646 52
814 594 342
550 729 398
815 891 217
988 352 500
934 40 437
932 643 97
254 333 396
968 353 43
249 694 489
358 527 24
987 391 360
955 80 219
672 132 375
739 481 49
726 977 88
887 690 385
721 966 132
725 27 454
815 231 118
943 737 281
320 276 43
153 414 29
172 38 209
499 525 373
350 887 139
561 918 234
207 54 76
998 270 368
971 464 241
745 860 393
159 412 103
924 682 487
446 674 279
471 792 88
974 8 164
27 360 174
446 291 92
976 199 357
525 545 256
911 801 335
678 964 6
396 261 145
959 773 409
70 890 231
912 148 88
556 739 68
298 470 351
224 27 16
59 954 20
237 359 185
536 582 491
982 290 18
356 105 101
342 561 273
483 48 323
734 743 16
186 114 221
485 628 111
524 278 174
417 368 86
271 281 166
74 906 279
982 299 496
552 36 167
923 132 280
945 764 349
601 928 443
860 799 487
787 580 348
595 861 407
767 287 175
400 88 55
549 754 288
531 276 420
623 568 161
982 434 365
975 11 361
21 30 193
282 193 255
824 436 436
78 930 298
926 509 192
725 582 317
477 752 102
885 375 355
220 790 178
477 875 341
973 483 195
657 293 207
252 529 288
445 239 13
719 655 43
465 451 15
190 588 140
426 328 264
435 971 479
591 772 232
785 247 393
967 452 301
275 957 462
992 458 311
361 244 409
426 173 49
825 504 30
161 375 40
446 969 282
202 524 258
575 907 288
27 762 65
723 825 424
197 214 454
822 710 215
386 462 237
88 757 229
301 249 439
909 132 122
310 99 447
425 606 203
227 423 164
905 736 390
288 344 195
564 460 408
641 347 189
595 342 169
706 469 457
682 93 467
69 775 414
375 812 331
122 327 428
536 594 56
134 159 221
510 778 411
953 237 277
9 727 300
196 925 349
863 897 370
573 566 467
552 226 400
240 439 447
917 809 223
35 736 40
314 991 270
677 569 363
701 411 25
309 976 112
408 503 474
995 819 192
685 44 286
810 504 135
909 342 144
63 5 202
837 671 500
139 898 436
905 68 307
8 729 358
971 438 329
114 13 293
72 436 67
350 502 337
111 275 33
726 19 349
668 481 424
364 579 287
924 113 59
130 125 12
800 781 291
39 749 358
73 342 4
999 597 325
190 819 232
568 893 439
498 682 87
291 720 201
745 456 235
592 420 326
504 835 487
483 991 353
777 642 500
456 919 264
704 656 351
453 243 472
147 684 293
679 851 173
182 285 433
188 729 209
317 915 49
58 917 494
962 403 202
471 784 368
790 655 118
260 962 269
68 573 285
748 958 372
337 817 255
441 570 126
862 322 353
619 197 76
394 660 412
861 868 204
538 442 134
872 933 333
412 226 465
814 23 4
445 136 162
335 291 194
561 222 124
20 193 335
849 970 244
177 235 204
649 215 251
695 205 278
963 809 346
294 66 303
543 747 420
857 336 6
221 923 151
729 949 117
711 194 339
657 54 75
908 195 172
751 469 488
926 73 236
593 562 438
91 728 188
512 410 19
519 175 463
91 500 199
328 287 138
56 902 149
315 376 44
673 63 200
727 714 460
142 192 149
236 844 91
867 77 90
125 373 461
492 549 88
391 524 200
945 380 224
288 988 184
810 568 235
791 856 170
271 870 25
331 836 474
723 10 306
292 1 299
930 925 52
380 579 348
646 913 48
669 966 185
972 48 283
100 307 310
968 780 482
817 118 442
150 125 188
77 277 375
669 821 412
968 941 143
490 725 477
110 427 491
30 291 304
9 230 179
657 603 95
476 766 400
438 751 348
967 667 238
533 212 483
525 793 174
357 763 215
514 989 77
432 946 237
174 585 288
721 587 86
531 470 202
320 164 9
519 133 315
855 316 147
779 933 25
688 692 467
543 776 331
615 577 366
515 44 327
284 666 3
953 269 420
842 146 259
502 73 491
351 213 399
800 353 375
14 962 132
482 472 304
60 19 119
215 57 60
356 163 195
494 568 466
82 801 426
281 366 325
377 371 228
209 887 423
787 934 109
934 342 346
254 141 414
15 17 272
875 510 123
352 886 84
599 962 358
506 959 325
247 871 381
572 924 359
506 385 109
212 252 361
770 706 135
745 879 238
546 465 38
88 675 25
637 700 208
669 954 368
184 627 158
113 719 124
969 131 28
216 0 156
748 65 37
687 664 345
167 747 400
185 624 332
684 34 375
227 626 95
312 997 416
964 924 88
969 121 436
833 973 286
87 435 387
304 755 67
473 562 301
470 564 455
1 351 109
811 68 8
552 131 35
432 771 171
281 551 94
720 666 2
449 308 64
429 90 34
968 61 302
921 454 496
343 722 393
54 466 80
842 44 69
444 950 401
183 397 70
24 512 351
163 585 134
744 919 74
407 395 330
547 289 149
940 241 168
606 867 61
714 906 476
274 36 185
647 951 52
804 947 195
682 142 12
873 481 462
699 635 304
359 602 29
265 207 354
398 126 130
78 107 388
352 361 78
949 627 456
380 57 93
289 731 40
320 442 342
753 132 485
549 504 319
614 120 10
521 954 193
335 633 256
328 943 414
579 430 149
244 490 27
853 34 123
684 135 241
731 324 60
641 116 442
138 718 186
841 585 60
646 550 500
142 671 145
426 208 359
324 768 459
111 324 27
302 659 67
449 446 239
338 230 130
610 484 63
614 593 470
355 248 110
339 148 312
852 801 69
999 815 121
231 820 500
589 720 95
156 585 446
263 439 175
68 14 20
261 646 451
923 928 352
545 337 386
520 993 230
16 969 48
235 496 110
368 274 47
318 465 278
241 762 245
297 183 229
481 97 347
556 784 144
597 400 438
130 313 409
827 682 455
275 657 102
984 948 462
290 792 351
956 576 228
662 966 176
34 98 109
298 477 438
923 71 388
489 254 469
910 449 138
559 416 38
156 47 281
406 19 167
640 607 439
896 565 251
612 494 134
319 110 249
825 911 498
766 139 272
159 38 211
390 412 47
571 698 399
914 208 219
714 16 51
186 996 177
548 863 166
951 311 308
220 713 415
816 563 392
201 954 77
459 799 13
596 472 185
452 566 196
219 579 29
892 961 433
98 50 288
868 148 287
426 260 320
574 174 357
55 130 130
933 330 391
491 607 106
110 862 391
132 929 3
938 279 293
568 949 388
234 855 29
341 731 27
880 256 53
779 507 279
172 561 380
706 71 13
141 788 486
873 920 275
297 520 141
448 58 71
639 160 188
719 604 240
284 97 178
450 73 272
771 486 431
177 751 106
956 395 106
829 120 198
807 308 101
577 445 393
550 423 322
54 129 245
433 180 443
444 444 226
210 18 236
314 280 409
337 532 54
568 292 305
680 187 299
564 119 355
226 105 240
890 942 264
957 96 205
961 163 31
204 647 272
842 34 43
950 511 279
585 845 19
204 819 422
822 784 89
107 608 314
997 823 138
505 318 32
325 570 369
879 999 275
639 197 492
890 284 287
25 278 415
452 960 463
23 854 399
806 6 412
226 162 8
604 809 17
746 680 278
754 493 427
543 25 418
611 30 256
662 492 1
983 707 7
562 725 98
879 116 412
311 986 400
136 347 7
0 303 466
477 699 253
766 3 9
795 270 52
903 296 213
467 809 33
497 937 446
305 346 417
279 465 320
582 696 78
125 318 88
200 320 220
228 898 438
918 366 210
155 39 494
418 865 199
818 932 257
257 50 439
24 555 123
471 553 171
266 627 286
717 615 45
335 811 211
392 365 459
657 36 43
67 270 6
160 754 297
3 826 113
874 746 87
888 432 90
426 901 35
817 801 38
556 282 250
442 130 275
363 833 12
862 487 278
702 483 37
164 622 102
796 531 276
153 285 211
470 992 44
188 76 497
609 136 75
829 309 369
635 908 250
709 998 227
97 50 181
223 440 433
169 177 370
70 833 107
575 159 449
2 277 390
374 475 98
112 619 37
683 206 481
42 420 364
251 898 421
83 843 346
913 218 8
672 836 262
55 934 252
504 82 47
974 269 55
982 573 197
941 247 159
137 549 212
968 539 321
276 508 188
420 891 456
930 23 173
764 998 14
192 102 0
151 568 152
160 308 10
66 701 192
711 931 106
376 449 5
656 271 85
385 458 84
785 838 435
504 357 489
844 630 106
292 216 88
143 79 272
737 147 441
838 650 277
94 385 32
453 629 204
29 576 26
266 813 31
269 324 167
324 545 287
899 300 131
674 870 106
333 180 85
600 328 398
393 684 417
62 348 353
249 609 29
253 120 168
362 774 465
844 203 402
791 258 185
261 173 210
429 39 189
380 628 416
851 689 125
910 946 304
574 87 131
874 641 495
997 31 142
790 597 217
892 99 485
792 26 153
757 215 177
704 200 77
604 148 152
610 174 198
28 249 358
37 596 223
518 419 439
619 122 282
714 672 6
636 469 353
925 956 251
540 993 348
890 74 226
119 986 182
512 766 10
552 361 325
186 666 431
369 436 211
414 550 310
131 636 188
224 525 363
146 943 490
181 401 293
373 668 392
860 514 424
513 727 21
535 255 143
563 980 164
62 402 13
3 87 153
797 261 74
709 458 58
239 137 33
637 698 284
353 175 103
900 646 404
490 251 47
966 832 487
719 66 301
697 90 487
320 955 467
193 810 142
677 464 124
116 917 383
507 29 272
308 970 346
724 826 232
42 633 472
287 639 111
536 556 418
534 738 191
890 960 473
523 989 231
782 191 423
377 677 293
973 203 490
296 338 170
256 875 419
335 284 66
182 128 32
903 239 95
58 633 262
407 732 331
134 523 320
916 26 73
227 54 390
435 309 338
236 295 251
168 9 341
358 90 179
209 386 140
908 627 121
234 105 490
818 874 112
314 982 179
127 65 255
463 10 251
982 12 498
418 975 269
465 704 87
885 858 199
172 941 329
557 364 455
285 744 55
487 733 465
443 256 290
997 342 154
363 694 259
66 150 254
193 259 152
341 763 294
981 591 169
907 9 436
158 164 179
309 629 18
270 94 124
476 893 214
801 42 218
371 598 61
969 406 243
379 570 251
280 423 313
197 833 176
954 616 470
830 969 214
616 771 392
717 410 203
9 433 497
617 922 89
353 245 70
532 653 134
747 293 154
334 114 31
111 354 323
940 163 236
501 735 255
675 667 291
405 242 305
258 162 496
574 603 324
61 634 480
680 609 196
754 172 429
687 637 244
31 77 272
970 181 116
289 521 357
251 767 483
184 495 408
901 678 391
410 618 254
569 993 8
655 572 156
50 846 500
5 980 374
441 329 471
590 983 266
193 823 357
650 561 159
945 311 61
925 247 218
330 643 141
517 899 215
167 563 97
64 538 407
669 928 27
766 115 418
557 657 157
286 732 241
240 643 393
884 162 0
645 247 46
17 56 473
676 386 158
109 712 190
323 194 265
335 110 127
510 476 231
820 180 39
423 412 188
321 202 483
849 218 172
904 921 40
525 940 115
910 133 98
878 99 332
979 182 428
784 186 192
76 789 242
210 426 433
302 961 169
954 171 306
983 867 434
887 13 387
602 552 24
234 770 421
213 243 173
300 409 419
934 821 100
638 231 290
204 586 115
519 189 158
83 404 260
449 230 92
958 612 255
574 410 134
595 834 441
466 91 425
813 91 243
288 508 444
875 63 500
889 984 354
390 960 387
273 787 317
223 250 444
420 461 307
837 758 183
743 344 209
416 497 195
939 788 113
278 452 257
461 801 451
504 994 407
802 44 498
509 583 127
576 256 401
834 407 317
420 778 406
179 984 496
662 625 140
320 233 244
471 660 123
711 414 97
844 450 387
749 954 4
322 282 426
152 740 134
331 109 462
501 170 321
763 843 257
107 33 196
598 735 251
747 269 62
923 638 209
741 904 351
82 593 459
912 204 41
885 55 342
375 92 380
647 643 150
513 888 50
560 907 281
177 954 388
334 171 29
273 377 329
764 539 110
596 362 139
195 896 341
104 629 415
857 846 134
512 736 81
187 227 124
401 309 9
190 973 484
892 631 264
995 176 402
617 773 324
631 3 146
196 766 403
391 455 59
194 660 332
548 10 451
374 463 412
702 547 333
907 596 466
646 384 174
358 133 351
825 145 318
497 381 381
778 413 427
867 710 157
433 359 140
489 36 408
391 54 147
292 685 312
926 220 281
211 37 199
649 243 226
261 763 67
934 334 271
129 149 345
951 79 29
148 564 129
212 207 99
260 462 70
548 40 412
672 749 81
556 907 235
565 765 164
153 450 185
87 166 24
771 575 331
952 315 449
853 850 295
663 427 77
165 108 169
573 52 440
492 339 343
985 164 74
687 374 188
132 381 241
927 116 332
770 575 234
42 677 131
352 308 402
988 804 374
79 682 141
415 213 181
502 971 257
456 11 132
330 466 368
941 852 371
472 231 244
708 878 119
262 225 302
29 950 35
518 155 68
671 322 391
205 434 83
526 763 227
654 208 298
413 5 358
799 775 375
277 749 384
587 193 353
262 805 86
53 937 198
853 623 410
648 705 14
790 87 331
183 147 224
137 654 340
785 683 210
181 184 190
272 847 258
181 772 186
971 379 122
8 723 270
587 31 354
814 683 236
234 424 340
742 272 47
309 343 350
162 444 480
584 290 159
829 923 308
588 221 488
168 678 117
209 920 236
855 799 56
229 232 201
604 6 195
410 799 415
349 82 454
286 163 276
612 943 479
235 126 330
6 395 384
198 380 261
434 36 18
314 949 146
923 400 167
679 353 299
112 412 283
850 706 255
916 177 494
512 416 305
6 36 28
89 835 20
604 717 348
550 318 196
169 159 406
737 830 56
999 95 493
388 647 93
952 196 73
666 89 257
862 390 434
236 4 227
304 725 309
88 887 453
957 900 340
958 924 182
329 533 206
625 759 98
45 475 395
513 241 178
357 595 123
824 821 8
491 408 104
293 870 38
909 329 493
718 139 2
8 168 205
544 298 243
188 141 391
575 176 300
655 135 100
171 663 424
904 291 320
520 480 63
149 558 497
636 93 441
392 302 376
144 386 271
396 987 427
51 655 80
718 703 429
691 810 476
229 128 119
762 88 175
266 178 325
661 829 381
871 10 34
949 166 187
351 480 99
722 511 282
656 901 109
280 255 181
354 437 49
21 994 228
768 167 420
878 882 400
412 290 83
326 800 317
445 808 402
498 51 355
440 560 157
675 164 67
631 399 123
792 787 274
239 257 359
349 337 325
959 291 438
875 207 24
156 712 314
117 725 2
30 662 67
14 187 424
61 671 81
669 542 430
804 399 205
459 505 96
425 495 142
381 100 429
482 239 178
190 792 222
933 46 235
405 914 218
419 70 86
900 7 141
653 806 481
324 397 114
440 833 365
878 926 425
490 41 185
835 356 460
327 117 240
612 128 322
782 489 148
46 836 169
677 376 426
701 776 391
558 953 362
315 710 117
457 629 440
521 443 50
5 306 495
763 830 211
768 359 397
668 872 247
225 41 405
441 561 475
172 10 452
239 866 443
961 901 110
454 357 3
831 554 259
819 715 391
433 553 315
650 769 164
570 459 474
938 690 40
504 456 387
449 593 136
294 70 139
990 393 122
288 667 438
908 382 401
781 988 393
407 446 182
128 300 275
7 124 52
688 4 113
577 269 98
418 136 221
494 730 343
381 144 48
930 713 410
34 529 464
755 196 439
716 879 430
891 660 101
435 282 199
738 487 478
757 569 467
237 733 144
529 691 151
483 953 119
554 691 488
78 944 237
581 168 343
818 967 384
824 66 178
367 668 482
302 597 429
428 19 490
405 677 18
962 757 231
223 394 443
149 831 321
328 184 35
22 367 254
521 651 435
442 100 23
115 628 69
971 909 201
686 911 358
789 408 440
446 792 451
108 396 278
177 786 370
232 372 350
866 470 179
614 63 330
204 690 37
492 898 50
864 929 346
33 161 334
904 108 188
450 758 404
628 791 43
903 635 329
346 93 484
183 430 438
312 428 132
186 311 268
779 342 384
331 536 323
367 282 250
400 483 185
479 519 439
117 673 277
455 212 432
743 539 412
632 162 367
300 822 393
201 886 7
465 696 47
392 214 129
447 689 323
394 461 400
734 914 331
71 415 219
788 230 110
466 83 399
639 814 178
215 358 217
596 281 238
912 622 129
260 377 301
97 91 139
462 992 178
694 424 63
578 246 85
971 130 357
246 277 473
327 667 410
158 111 474
86 11 65
906 508 336
514 608 458
334 170 11
389 828 139
356 251 3
362 842 287
39 330 272
285 983 75
919 837 326
753 461 227
835 867 491
802 68 438
165 820 176
445 882 280
402 536 201
521 36 305
652 932 235
127 360 85
242 80 303
454 123 171
203 476 462
652 407 144
21 356 238
155 321 74
900 815 47
527 400 71
94 125 470
475 908 155
346 634 443
92 430 415
548 904 87
648 16 310
702 696 491
545 819 389
909 957 253
438 958 274
886 101 473
373 913 193
982 20 215
570 30 245
276 675 388
292 505 387
734 310 358
26 930 272
363 574 173
990 363 149
525 186 103
649 752 443
485 326 497
565 163 105
442 157 210
544 957 180
321 155 372
502 289 37
983 322 144
630 970 131
956 256 196
516 640 49
984 594 236
839 879 423
130 823 246
285 11 377
619 954 331
646 774 198
417 969 160
330 867 245
533 855 381
846 342 438
369 424 491
941 25 292
728 455 206
168 475 465
576 524 483
624 340 86
161 959 67
228 771 479
16 24 218
424 73 13
963 5 379
383 391 406
929 550 66
147 668 303
883 117 119
837 323 244
797 771 386
594 763 152
224 198 412
163 735 132
764 842 18
101 585 131
83 445 477
933 207 389
677 312 302
595 560 494
339 843 205
832 749 55
219 715 1
958 409 278
108 914 240
191 888 265
115 942 289
638 192 270
777 616 122
521 60 278
953 797 80
746 498 437
914 716 369
864 938 176
328 549 62
796 78 292
477 605 320
264 572 289
712 573 13
96 906 141
453 747 484
403 585 158
333 495 458
220 454 186
318 808 206
493 635 304
777 206 95
567 785 250
127 430 309
603 802 57
213 189 162
609 817 91
898 17 314
531 651 165
853 984 461
727 395 374
487 359 67
570 38 271
444 586 338
165 622 142
979 403 439
907 995 340
590 4 164
225 351 137
146 205 165
567 804 253
226 562 423
794 9 111
757 727 104
833 394 146
484 112 38
198 646 366
473 218 241
19 588 427
636 581 156
79 20 146
952 783 360
463 141 4
761 305 24
912 816 85
718 412 485
85 536 329
662 517 20
201 509 498
929 314 466
817 44 374
458 595 182
388 265 320
167 660 354
991 445 261
627 55 49
279 92 95
344 328 315
392 260 10
568 845 334
621 227 267
680 150 141
182 952 54
725 380 373
616 176 225
68 263 351
222 814 109
964 534 480
499 980 261
823 156 356
599 335 487
837 382 450
764 438 334
33 853 55
430 246 136
177 729 352
337 830 48
478 672 0
600 243 351
208 295 109
101 253 372
535 603 17
110 480 86
526 407 148
601 632 128
414 27 458
110 350 47
283 613 424
154 367 420
786 967 264
434 929 124
215 912 146
773 255 66
949 44 159
412 380 268
390 241 384
241 617 140
353 618 198
821 376 226
239 2 94
61 780 306
682 189 91
594 925 74
503 167 218
668 14 383
582 801 102
422 623 256
700 332 69
709 687 481
410 64 53
518 850 258
637 661 71
573 717 145
622 734 16
217 455 79
732 13 223
226 469 111
314 601 83
440 598 473
73 922 255
132 876 269
976 444 304
474 625 469
566 732 338
787 836 98
990 856 346
47 220 207
110 921 332
830 905 233
492 76 174
861 526 442
528 637 201
444 294 156
213 120 52
879 539 324
409 38 80
426 724 311
414 586 269
622 625 108
986 992 167
970 153 368
641 646 414
488 494 425
272 851 248
631 348 19
219 694 11
306 991 400
695 865 0
463 881 410
39 615 474
659 253 285
603 281 387
742 889 346
788 248 172
509 171 9
553 440 86
782 257 229
72 591 307
339 426 479
862 489 68
411 975 54
379 124 333
230 391 30
843 178 72
461 194 465
509 617 406
623 539 21
665 771 366
923 57 492
440 642 419
471 118 42
745 547 319
427 691 329
586 134 173
274 274 380
310 259 164
156 70 495
93 84 99
389 733 321
299 424 110
985 616 101
350 643 120
586 43 378
887 951 176
923 924 119
702 521 332
993 154 485
221 10 66
687 401 279
885 412 289
754 695 0
681 565 336
576 899 16
354 793 460
813 127 281
200 342 229
618 388 182
44 170 409
8 985 389
278 979 219
481 109 69
351 621 60
88 998 318
108 23 465
629 772 26
310 980 104
870 641 173
687 243 459
276 24 214
292 804 372
91 611 369
99 603 456
270 555 449
219 303 50
405 449 84
123 336 10
226 404 301
759 241 15
516 956 112
623 447 29
643 59 160
995 842 464
5 22 192
564 11 352
530 99 58
663 579 219
784 935 194
770 130 82
393 159 351
280 56 147
740 647 227
973 56 321
361 411 452
369 49 335
263 462 90
94 142 65
949 690 57
477 321 217
435 827 420
413 231 199
792 990 45
693 519 265
481 432 141
195 282 96
928 377 327
832 523 17
790 769 84
355 457 245
840 766 238
508 965 240
662 617 191
64 302 271
339 737 52
489 148 373
836 794 371
74 157 251
496 114 283
573 224 55
698 644 82
407 521 109
292 491 260
650 7 300
838 223 408
883 351 494
638 514 430
610 695 237
973 287 291
272 557 252
956 925 148
684 786 469
332 937 488
645 475 489
157 139 336
122 989 424
910 274 45
322 109 31
585 344 227
829 667 265
417 672 360
373 424 107
819 570 410
342 464 350
377 225 6
947 521 87
551 366 221
581 650 42
656 160 337
131 471 401
106 881 178
890 417 44
114 687 31
802 803 6
940 648 379
216 358 257
72 548 423
908 855 352
732 278 189
223 653 141
202 307 21
173 328 493
759 418 152
401 735 209
291 770 380
584 9 49
137 885 490
422 244 402
633 834 83
841 523 160
396 670 364
705 928 231
248 313 88
486 398 183
542 210 185
301 221 155
270 759 312
532 476 197
796 662 291
665 69 363
668 244 116
815 537 82
114 993 403
602 26 203
266 304 233
114 31 276
360 205 398
376 817 121
894 505 411
320 141 327
445 576 76
541 770 306
370 356 46
31 942 192
107 980 57
640 699 294
60 225 333
536 143 376
926 478 100
190 347 63
769 652 352
674 113 215
76 197 203
652 869 81
186 130 338
201 619 395
784 729 485
530 383 500
16 651 336
273 988 292
303 424 86
451 193 415
62 177 17
493 251 336
302 239 232
414 296 455
565 198 112
403 115 176
166 249 29
380 105 413
143 802 266
152 444 436
170 640 366
405 698 130
95 695 234
151 21 109
70 904 58
534 221 333
600 808 216
912 564 334
625 529 369
25 687 60
826 946 308
164 873 141
20 23 479
888 444 218
478 389 231
290 265 242
955 208 419
283 615 313
996 90 383
938 768 364
596 380 133
717 330 447
935 274 440
492 426 320
58 929 180
965 301 15
99 519 304
567 695 470
126 519 179
295 915 0
135 82 484
416 956 91
461 531 217
426 66 64
176 935 271
331 402 3
885 822 443
69 767 61
9 917 41
425 456 66
311 369 133
236 371 266
160 570 99
780 37 466
284 552 401
321 653 416
699 345 260
202 78 100
640 781 354
254 303 179
458 168 144
178 816 313
406 845 340
360 30 228
8 666 190
702 719 385
486 942 191
663 494 323
410 343 52
340 354 343
591 816 444
843 348 214
964 86 217
551 403 0
611 113 212
51 567 114
286 653 408
690 403 83
910 446 88
853 77 288
127 676 192
487 556 379
764 197 117
655 902 403
479 380 485
885 516 405
847 6 295
893 385 397
121 821 46
381 772 455
215 4 170
953 143 306
890 585 208
710 465 313
230 921 463
79 618 66
783 553 178
212 756 420
493 405 390
453 245 396
525 41 395
546 865 92
771 936 290
216 20 67
611 851 264
416 989 61
109 472 391
278 34 420
917 684 180
105 768 213
433 656 191
110 457 279
139 175 481
480 9 191
874 998 435
191 466 57
717 169 308
24 987 377
35 252 182
417 784 434
821 675 376
713 911 475
38 214 181
0 551 190
671 96 408
765 457 306
187 562 331
595 517 194
399 693 439
335 689 284
57 684 209
260 644 37
620 382 37
609 339 76
60 499 220
260 393 90
266 975 274
324 280 168
60 878 43
404 615 238
460 579 381
163 69 313
127 733 499
962 522 47
211 951 360
72 118 41
770 873 331
955 793 251
69 361 373
720 220 132
887 132 60
803 377 390
829 71 114
973 79 454
23 853 191
996 258 291
299 607 215
508 592 435
513 61 69
163 314 345
815 573 389
599 754 333
797 571 136
744 520 194
479 614 100
254 349 474
325 626 421
276 135 80
211 3 489
451 818 406
342 345 255
949 498 199
566 69 110
534 267 313
829 722 260
853 7 18
510 803 290
346 598 264
671 170 335
629 611 350
969 577 347
914 209 250
719 315 139
863 428 186
838 831 43
537 413 359
986 489 367
340 995 223
6 911 60
132 392 474
898 160 104
695 473 190
499 406 203
836 937 143
443 503 132
523 506 152
25 703 281
930 912 414
763 769 422
289 935 201
53 424 82
686 472 103
380 469 131
501 970 77
660 388 491
255 744 140
920 602 102
538 814 334
478 122 9
88 409 471
878 550 267
549 126 6
346 417 110
288 807 2
639 36 168
636 612 191
70 456 213
945 771 494
776 886 420
810 352 224
318 811 32
723 220 58
975 65 325
555 892 104
868 648 158
56 847 0
447 414 444
529 552 487
350 392 341
182 696 176
804 638 136
474 528 461
443 997 20
605 3 227
472 79 305
902 569 315
130 370 470
640 943 383
736 749 43
983 144 192
184 631 102
583 494 261
781 996 366
807 285 492
614 744 394
423 692 93
916 720 485
45 271 483
545 355 414
305 596 63
945 540 381
852 432 196
132 888 347
57 924 143
892 132 330
351 758 467
395 332 44
428 56 389
563 184 437
703 89 340
445 208 8
637 590 402
441 699 188
344 126 359
815 675 113
32 667 103
136 763 497
147 436 235
6 990 356
898 841 337
244 568 230
975 559 269
446 100 188
132 804 234
760 214 214
515 278 67
818 681 462
768 273 114
671 517 393
751 124 306
293 270 467
945 418 45
598 783 53
495 152 442
198 462 453
409 251 193
213 698 12
821 344 176
504 238 396
48 65 234
948 495 401
14 675 193
162 538 451
767 406 1
70 663 249
866 420 124
305 585 169
455 479 420
535 174 177
615 850 361
47 919 107
77 204 308
207 520 456
142 618 365
932 383 244
70 954 84
112 639 236
931 401 55
950 167 76
606 488 331
914 678 310
915 290 142
738 774 77
912 554 225
590 340 458
812 957 49
570 878 108
135 824 486
225 192 168
517 599 313
88 299 379
846 34 96
772 463 121
495 727 91
821 260 68
397 825 482
797 543 116
583 99 395
814 2 97
136 557 444
590 137 369
686 132 54
903 899 34
242 903 365
824 382 493
402 844 104
168 689 12
113 706 62
969 671 187
952 81 462
499 425 347
250 295 340
192 701 176
949 448 237
66 120 143
189 202 361
257 736 197
224 195 95
576 318 191
126 865 251
574 781 441
634 513 364
267 570 455
85 921 6
430 10 307
850 934 146
650 601 180
857 623 242
639 923 1
10 780 8
619 474 355
265 487 214
224 884 227
399 665 379
935 568 410
429 134 87
861 490 345
463 239 34
21 35 89
854 576 76
865 756 305
811 335 412
923 948 413
484 293 63
577 809 143
354 535 264
717 221 403
790 81 263
248 954 235
667 184 302
794 625 156
864 753 176
604 896 190
7 779 468
335 890 366
396 432 101
97 579 475
109 605 105
91 954 195
108 492 207
945 38 295
437 910 5
489 941 217
483 327 495
657 226 354
820 559 231
721 327 428
10 24 387
297 175 52
718 725 199
980 68 259
203 50 246
71 551 350
900 699 102
172 240 56
796 969 318
559 491 202
462 748 37
345 315 116
790 700 459
889 693 278
879 240 458
760 947 380
162 201 470
81 250 480
293 935 489
927 281 43
567 749 116
358 216 149
145 830 181
623 706 300
535 541 428
340 944 126
309 138 476
581 339 254
603 831 105
632 906 243
614 659 40
168 40 100
158 315 438
659 916 48
655 855 26
523 597 50
636 815 451
497 513 440
727 680 192
795 827 394
370 746 80
432 779 177
164 858 101
848 241 17
782 68 160
538 637 279
952 83 336
643 154 485
384 363 178
154 378 237
198 829 499
593 355 336
396 435 78
941 325 320
119 939 202
880 3 173
850 884 207
336 195 90
727 108 28
39 564 22
465 273 264
376 969 121
482 109 172
590 528 81
833 915 495
814 371 269
38 49 105
159 855 265
816 521 115
249 818 461
481 465 3
828 441 106
43 405 95
298 254 468
94 358 197
26 214 297
381 716 180
725 523 212
967 37 58
257 497 155
621 680 341
316 46 335
97 951 437
332 575 454
468 200 479
918 338 467
610 393 216
152 231 222
746 603 265
520 794 379
163 705 418
925 149 207
117 994 180
843 898 489
876 124 492
716 285 426
429 411 88
140 151 134
167 638 165
638 937 20
205 989 449
301 343 72
291 348 483
913 1 326
206 165 23
504 826 279
464 826 45
808 449 349
588 493 349
148 962 196
157 111 356
53 135 496
116 789 473
778 995 45
452 253 424
133 71 327
954 591 87
225 942 211
745 758 283
844 197 109
69 233 299
188 658 42
520 639 237
823 205 227
306 712 407
412 520 123
823 831 126
627 214 114
406 252 74
831 773 420
352 305 74
281 693 108
120 377 294
703 2 81
669 516 426
927 264 6
777 438 150
394 399 438
650 968 473
482 937 119
674 178 40
268 449 15
810 899 225
664 934 362
32 112 411
502 733 462
509 556 333
261 104 239
348 797 208
883 491 438
331 808 388
264 705 149
148 170 436
738 407 389
628 204 85
559 995 252
817 765 317
534 420 473
770 185 67
784 933 394
268 68 342
471 726 160
731 436 101
191 340 373
96 882 201
56 209 260
520 407 265
734 867 219
378 632 124
645 502 18
72 296 311
239 594 205
52 990 86
166 708 32
458 423 427
173 507 475
951 839 204
946 1 445
794 824 439
695 76 251
751 322 149
522 615 346
968 769 74
465 200 337
67 368 133
400 738 349
502 386 94
979 275 68
867 460 219
730 402 290
598 146 152
656 472 306
584 325 120
226 760 402
68 385 205
565 807 237
878 534 180
167 483 234
112 429 371
47 332 128
602 613 253
802 727 291
309 782 296
581 939 149
720 595 463
121 65 289
597 135 34
928 2 210
582 254 75
850 252 335
348 706 435
117 996 160
567 952 253
723 75 461
392 367 188
420 129 480
779 666 30
782 23 224
681 980 85
437 640 335
381 615 362
402 176 222
246 409 41
571 510 6
489 444 290
419 942 29
497 439 477
994 49 225
630 702 128
383 518 65
233 475 55
298 443 278
445 405 357
798 538 217
454 869 118
131 516 19
411 566 111
206 835 147
369 339 295
944 847 422
570 742 183
285 23 388
919 885 287
982 819 128
590 758 332
326 97 332
740 946 54
380 889 170
643 568 61
683 20 497
607 485 483
383 935 393
987 448 278
439 99 224
412 59 353
311 577 487
449 963 331
733 928 215
569 433 497
257 120 116
696 247 218
953 802 207
326 578 366
258 973 136
865 160 360
984 44 79
91 985 388
294 925 172
710 282 25
207 477 380
941 502 464
226 388 124
449 809 249
511 691 440
994 379 290
297 509 318
625 368 35
91 844 57
678 70 43
109 781 257
351 332 62
544 942 288
864 508 407
943 605 384
381 422 303
666 752 123
30 402 487
476 477 170
783 474 140
622 992 225
827 363 296
57 458 421
585 310 364
685 174 24
306 534 63
499 443 347
90 760 456
215 164 187
253 545 421
621 905 432
853 782 488
119 461 205
918 604 467
343 547 13
533 568 221
957 669 484
699 598 421
701 492 451
81 101 485
884 298 31
814 852 71
894 972 129
602 195 15
623 982 449
152 499 148
543 270 371
56 138 358
701 684 270
248 701 102
961 582 130
403 706 430
277 659 110
914 327 245
933 375 273
113 608 337
765 877 494
865 413 452
611 130 278
76 490 90
361 133 263
71 500 364
68 546 352
4 789 93
269 59 1
233 721 307
796 437 440
297 530 185
362 252 252
894 832 163
780 253 48
595 341 461
507 342 260
78 685 441
691 48 483
280 697 451
145 536 145
463 624 110
958 434 387
838 734 92
949 651 494
931 230 342
898 957 125
237 668 144
459 342 143
371 808 464
802 237 251
363 260 443
650 146 247
238 826 4
172 877 267
32 922 268
74 278 129
311 508 6
565 967 276
907 242 398
713 191 228
57 608 62
50 237 306
886 746 427
393 463 129
804 727 275
574 285 39
355 128 337
716 377 234
387 451 28
56 484 429
55 60 465
830 545 422
118 357 450
988 532 400
792 283 195
763 111 51
256 396 204
248 571 176
736 931 191
796 913 265
99 29 360
367 577 448
117 333 258
937 125 372
247 413 174
418 750 158
82 686 364
909 776 323
217 837 497
857 629 180
321 848 257
29 899 166
96 431 229
45 121 194
882 315 476
722 316 447
712 226 279
991 917 7
282 172 488
786 901 497
868 527 410
38 676 441
739 113 177
552 650 93
15 576 405
340 748 277
965 590 443
328 573 48
283 387 254
5 882 108
939 180 85
114 24 130
249 375 184
52 455 131
748 295 5
188 992 333
163 796 348
71 923 328
879 567 228
351 657 475
85 383 441
207 598 373
303 418 37
964 480 201
770 690 219
43 523 170
759 486 84
220 829 484
480 424 223
525 899 111
980 119 270
98 275 59
623 46 112
284 504 204
577 755 401
453 851 236
96 496 235
157 555 443
58 758 454
383 649 285
931 55 328
856 608 134
864 491 483
906 458 330
853 614 86
510 924 7
28 418 410
98 189 215
375 828 197
16 792 175
340 442 358
909 720 264
756 601 460
952 646 385
407 911 434
32 17 166
998 161 64
675 573 487
312 448 87
294 695 449
53 736 429
799 278 87
506 201 181
449 551 42
586 686 90
524 274 145
680 599 237
851 84 326
392 375 74
557 983 213
264 50 263
293 462 356
402 572 458
623 779 440
606 782 363
417 438 217
887 694 162
812 349 71
975 838 415
873 528 259
83 538 119
582 612 433
510 359 241
921 894 479
22 990 367
83 563 353
443 72 394
579 755 86
797 82 162
94 102 4
756 712 157
574 996 301
712 531 125
257 572 266
203 389 431
529 373 10
927 271 320
134 878 357
242 111 234
45 825 49
128 836 282
190 292 338
528 959 31
528 134 295
640 179 423
415 656 37
344 665 497
944 816 45
74 980 26
827 209 375
476 437 488
265 715 481
506 493 471
225 685 371
342 855 233
84 385 81
363 310 274
753 856 231
644 424 296
965 778 38
131 448 22
564 435 282
773 766 453
123 975 409
94 518 186
551 296 409
713 94 439
421 577 89
37 237 418
